  Latitude       Year        PET    Z-Index        PPe        PX1        PX2        PX3          X       PDSI       PHDI
 49.441536       1979     0.0000    -0.0345     0.0000     0.0000    -0.0115     0.0000    -0.0115    -0.0115    -0.0115
 49.441536       1979     0.0000     1.3527     0.0000     0.4509     0.0000     0.0000     0.4509     0.4509     0.4509
 49.441536       1979     0.0000     1.2543     0.0000     0.8226     0.0000     0.0000     0.8226     0.8226     0.8226
 49.441536       1979     2.4173     3.6945     0.0000     0.0000     0.0000     1.9694     1.9694     1.9694     1.9694
 49.441536       1979     4.1503     2.3801     0.0000     0.0000     0.0000     2.5599     2.5599     2.5599     2.5599
 49.441536       1979     6.3730    -1.0367    22.0218     0.0000    -0.3456     1.9507    -0.3456    -0.3456     1.9507
 49.441536       1979     6.9510    -0.0552    28.1996     0.0000    -0.3284     1.7314    -0.3284    -0.3284     1.7314
 49.441536       1979     5.1706     0.1362    30.8871     0.0454    -0.2492     1.5985    -0.2492    -0.2492     1.5985
 49.441536       1979     4.2592    -2.8892   100.0000     0.0000     0.0000    -1.1866    -1.1866    -1.1866    -1.1866
 49.441536       1979     2.1262    -0.7713     0.0000     0.0000     0.0000    -1.3215    -1.3215    -1.3215    -1.3215
 49.441536       1979     0.0000    -0.1026     2.3054     0.0000    -0.0342    -1.2196    -1.2196    -1.2196    -1.2196
 49.441536       1979     0.0000    -1.3251     0.0000     0.0000     0.0000    -1.5357    -1.5357    -1.5357    -1.5357
 49.441536       1980     0.0000     0.0037     5.8367     0.0012     0.0000    -1.3763    -1.3763    -1.3763    -1.3763
 49.441536       1980     0.0000     0.2149    22.0006     0.0727     0.0000    -1.1629    -1.1629    -1.1629    -1.1629
 49.441536       1980     0.0000    -0.5308     6.4164     0.0000    -0.1769    -1.2200    -1.2200    -1.2200    -1.2200
 49.441536       1980     4.7942    -3.6815     0.0000     0.0000     0.0000    -2.3215    -2.3215    -2.3215    -2.3215
 49.441536       1980     7.5658    -6.4247     0.0000     0.0000     0.0000    -4.2239    -4.2239    -4.2239    -4.2239
 49.441536       1980     6.7313    -3.1608     0.0000     0.0000     0.0000    -4.8424    -4.8424    -4.8424    -4.8424
 49.441536       1980     7.9246    -2.7620     0.0000     0.0000     0.0000    -5.2643    -5.2643    -5.2643    -5.2643
 49.441536       1980     5.0733     3.7667    30.9224     1.2556     0.0000    -3.4665     1.2556     1.2556    -3.4665
 49.441536       1980     3.4322     1.1283    44.2311     1.5024     0.0000    -2.7334     1.5024     1.5024    -2.7334
 49.441536       1980     2.3236    -0.6737    42.2716     1.1231    -0.2246    -2.6764    -0.2246    -0.2246    -2.6764
 49.441536       1980     0.0000     0.0903    47.3473     1.0375    -0.1714    -2.3706    -0.1714    -0.1714    -2.3706
 49.441536       1980     0.0000    -1.0343    41.1333     0.5859    -0.4985    -2.4712    -0.4985    -0.4985    -2.4712
 49.441536       1981     0.0000    -1.2540    31.8536     0.1076    -0.8652    -2.6347    -0.8652    -0.8652    -2.6347
 49.441536       1981     0.0000    -0.6975    27.9070     0.0000    -1.0086    -2.5958    -1.0086    -1.0086    -2.5958
 49.441536       1981     0.0000    -0.1654    30.0265     0.0000    -0.9598    -2.3836    -0.9598    -0.9598    -2.3836
 49.441536       1981     3.8766    -0.8085    23.3950     0.0000    -1.1304    -2.4076    -1.1304    -1.1304    -2.4076
 49.441536       1981     5.8810    -1.7973     0.8176     0.0000    -1.6131    -2.7587    -1.6131    -1.6131    -2.7587
 49.441536       1981     5.5923     3.4181    60.5985     1.1394    -0.3076    -1.3352     1.1394     1.1394    -1.3352
 49.441536       1981     7.3148    -1.4402    40.8082     0.5420    -0.7560    -1.6777     0.5420     0.5420    -1.6777
 49.441536       1981     5.8994    -0.2671    41.4313     0.3971    -0.7672    -1.5939     0.3971     0.3971    -1.5939
 49.441536       1981     3.8518     1.7405    82.0434     0.9364    -0.1080    -0.8496     0.9364     0.9364    -0.8496
 49.441536       1981     2.4718     0.5343    97.9163     1.0181     0.0000    -0.5840     1.0181     1.0181    -0.5840
 49.441536       1981     1.4929    -2.2331    55.6826     0.1689    -0.7444    -1.2682    -0.7444    -0.7444    -1.2682
 49.441536       1981     0.0000    -0.8023    44.4784     0.0000    -0.9352    -1.4050    -0.9352    -0.9352    -1.4050
 49.441536       1982     0.0000     0.4612    61.4903     0.1537    -0.6851    -1.1065    -0.6851    -0.6851    -1.1065
 49.441536       1982     0.0000    -0.6544    52.1680     0.0000    -0.8327    -1.2107    -0.8327    -0.8327    -1.2107
 49.441536       1982     0.0000     0.6392    75.2831     0.2131    -0.5339    -0.8729    -0.5339    -0.5339    -0.8729
 49.441536       1982     3.5046    -0.4376    70.0884     0.0453    -0.6248    -0.9289    -0.6248    -0.6248    -0.9289
 49.441536       1982     5.0911    -0.2381    70.3018     0.0000    -0.6398    -0.9126    -0.6398    -0.6398    -0.9126
 49.441536       1982     5.3286    -1.2013    43.1573     0.0000    -0.9743    -1.2190    -0.9743    -0.9743    -1.2190
 49.441536       1982     6.7431     3.5911   100.0000     0.0000     0.0000     1.1970     1.1970     1.1970     1.1970
 49.441536       1982     5.4266    -0.8784    59.7536     0.0000    -0.2928     0.7809     0.7809     0.7809     0.7809
 49.441536       1982     3.6200     0.0271    70.6385     0.0090    -0.2536     0.7095     0.7095     0.7095     0.7095
 49.441536       1982     2.0861     2.9779     0.0000     0.0000     0.0000     1.6291     1.6291     1.6291     1.6291
 49.441536       1982     0.0000     0.2032     0.0000     0.0000     0.0000     1.5290     1.5290     1.5290     1.5290
 49.441536       1982     0.0000    -0.0560     7.8800     0.0000    -0.0187     1.3528     1.3528     1.3528     1.3528
 49.441536       1983     0.0000     0.2043     6.4642     0.0681     0.0000     1.2816     1.2816     1.2816     1.2816
 49.441536       1983     0.0000     1.0442     0.0000     0.0000     0.0000     1.4976     1.4976     1.4976     1.4976
 49.441536       1983     0.0000     1.3166     0.0000     0.0000     0.0000     1.7822     1.7822     1.7822     1.7822
 49.441536       1983     3.3571    -1.0895    37.6064     0.0000    -0.3632     1.2355    -0.3632    -0.3632     1.2355
 49.441536       1983     5.2432    -1.4774    93.5607     0.0000    -0.8183     0.6158    -0.8183    -0.8183     0.6158
 49.441536       1983     6.1465     0.6442    78.4629     0.2147    -0.5193     0.7671    -0.5193    -0.5193     0.7671
 49.441536       1983     7.6097    -2.7896   100.0000     0.0000     0.0000    -1.3957    -1.3957    -1.3957    -1.3957
 49.441536       1983     6.8185     1.0581    53.5532     0.3527     0.0000    -0.8993     0.3527     0.3527    -0.8993
 49.441536       1983     3.7739     0.4981    87.2218     0.4824     0.0000    -0.6406     0.4824     0.4824    -0.6406
 49.441536       1983     2.0764     0.4818   100.0000     0.5933     0.0000     0.0000     0.5933     0.5933     0.5933
 49.441536       1983     0.0000     0.5209     0.0000     0.7058     0.0000     0.0000     0.7058     0.7058     0.7058
 49.441536       1983     0.0000     0.1983     0.0000     0.6992     0.0000     0.0000     0.6992     0.6992     0.6992
 49.441536       1984     0.0000    -0.6927     0.0000     0.3963    -0.2309     0.0000     0.3963     0.3963     0.3963
 49.441536       1984     0.0000     1.1628     0.0000     0.7431     0.0000     0.0000     0.7431     0.7431     0.7431
 49.441536       1984     0.0000    -1.2157     0.0000     0.2613    -0.4052     0.0000    -0.4052    -0.4052    -0.4052
 49.441536       1984     4.1067    -0.7792     0.0000     0.0000    -0.6232     0.0000    -0.6232    -0.6232    -0.6232
 49.441536       1984     5.6654    -3.5752     0.0000     0.0000     0.0000    -1.7507    -1.7507    -1.7507    -1.7507
 49.441536       1984     5.9532     1.9340    64.8980     0.6447     0.0000    -0.9257    -0.9257    -0.9257    -0.9257
 49.441536       1984     7.3215    -2.1518     2.6724     0.0000    -0.7173    -1.5476    -1.5476    -1.5476    -1.5476
 49.441536       1984     7.1354    -3.1373     0.0000     0.0000     0.0000    -2.4340    -2.4340    -2.4340    -2.4340
 49.441536       1984     3.7411    -2.8511     0.0000     0.0000     0.0000    -3.1337    -3.1337    -3.1337    -3.1337
 49.441536       1984     2.3533     3.7079    55.6467     1.2360     0.0000    -1.5750     1.2360     1.2360    -1.5750
 49.441536       1984     0.0000    -0.4011    54.6803     0.9750    -0.1337    -1.5465     0.9750     0.9750    -1.5465
 49.441536       1984     0.0000     1.6516    86.2795     1.4251     0.0000    -0.8367     1.4251     1.4251    -0.8367
 49.441536       1985     0.0000    -0.5340    81.5660     1.1003    -0.1780    -0.9285     1.1003     1.1003    -0.9285
 49.441536       1985     0.0000     0.1423    88.2735     1.0344    -0.1122    -0.7854     1.0344     1.0344    -0.7854
 49.441536       1985     0.0000    -0.2402    88.1337     0.8478    -0.1807    -0.7846     0.8478     0.8478    -0.7846
 49.441536       1985     3.9695     0.5202   100.0000     0.9339     0.0000     0.0000     0.9339     0.9339     0.9339
 49.441536       1985     5.8875     2.2166     0.0000     0.0000     0.0000     1.5766     1.5766     1.5766     1.5766
 49.441536       1985     5.3797     2.0862     0.0000     0.0000     0.0000     2.1096     2.1096     2.1096     2.1096
 49.441536       1985     7.1070    -1.4386    38.0327     0.0000    -0.4795     1.4128     1.4128     1.4128     1.4128
 49.441536       1985     4.8256     5.3713     0.0000     0.0000     0.0000     3.0577     3.0577     3.0577     3.0577
 49.441536       1985     2.8351     1.8906     0.0000     0.0000     0.0000     3.3730     3.3730     3.3730     3.3730
 49.441536       1985     2.6047    -0.5691     9.4908     0.0000    -0.1897     2.8359     2.8359     2.8359     2.8359
 49.441536       1985     0.0000     0.9014     0.0000     0.0000     0.0000     2.8443     2.8443     2.8443     2.8443
 49.441536       1985     0.0000    -0.6416    12.8637     0.0000    -0.2139     2.3375     2.3375     2.3375     2.3375
 49.441536       1986     0.0000    -0.3774    23.6310     0.0000    -0.3177     1.9709     1.9709     1.9709     1.9709
 49.441536       1986     0.0000     0.4983    18.9491     0.1661    -0.1189     1.9340     1.9340     1.9340     1.9340
 49.441536       1986     0.0000    -1.4441    54.8603     0.0000    -0.5880     1.2534     1.2534     1.2534     1.2534
 49.441536       1986     3.3914     3.4291     0.0000     0.0000     0.0000     2.2673     2.2673     2.2673     2.2673
 49.441536       1986     6.1941    -0.7187    18.8800     0.0000    -0.2396     1.7942    -0.2396    -0.2396     1.7942
 49.441536       1986     6.2632    -2.2520    77.9307     0.0000    -0.9656     0.8587    -0.9656    -0.9656     0.8587
 49.441536       1986     6.7207     0.2150    78.5434     0.0717    -0.7945     0.8419    -0.7945    -0.7945     0.8419
 49.441536       1986     5.9876    -2.1214   100.0000     0.0000     0.0000    -1.4198    -1.4198    -1.4198    -1.4198
 49.441536       1986     3.0711     1.2693    61.1585     0.4231     0.0000    -0.8505    -0.8505    -0.8505    -0.8505
 49.441536       1986     2.1331    -2.4501     0.0000     0.0000     0.0000    -1.5796    -1.5796    -1.5796    -1.5796
 49.441536       1986     0.0000     1.4211    57.1157     0.4737     0.0000    -0.9432    -0.9432    -0.9432    -0.9432
 49.441536       1986     0.0000    -0.9234    30.5705     0.1171    -0.3078    -1.1539    -1.1539    -1.1539    -1.1539
 49.441536       1987     0.0000    -0.2938    27.2123     0.0071    -0.3740    -1.1330    -1.1330    -1.1330    -1.1330
 49.441536       1987     0.0000     1.1865    90.3597     0.4019     0.0000    -0.6208    -0.6208    -0.6208    -0.6208
 49.441536       1987     0.0000    -0.0534    96.5780     0.3427    -0.0178    -0.5746    -0.5746    -0.5746    -0.5746
 49.441536       1987     5.2055    -4.1546     0.0000     0.0000     0.0000    -1.9003    -1.9003    -1.9003    -1.9003
 49.441536       1987     6.2747    -0.2926     0.0000     0.0000     0.0000    -1.8021    -1.8021    -1.8021    -1.8021
 49.441536       1987     7.3805    -4.9360     0.0000     0.0000     0.0000    -3.2618    -3.2618    -3.2618    -3.2618
 49.441536       1987     6.6321     3.1337    45.1215     1.0446     0.0000    -1.8813    -1.8813    -1.8813    -1.8813
 49.441536       1987     5.6215    -0.9243    36.6534     0.6289    -0.3081    -1.9956    -1.9956    -1.9956    -1.9956
 49.441536       1987     3.8288    -1.6975    15.0786     0.0000    -0.8422    -2.3559    -2.3559    -2.3559    -2.3559
 49.441536       1987     2.6340    -2.3248     0.0000     0.0000     0.0000    -2.8882    -2.8882    -2.8882    -2.8882
 49.441536       1987     0.0000    -1.2212     0.0000     0.0000     0.0000    -2.9978    -2.9978    -2.9978    -2.9978
 49.441536       1987     0.0000    -1.3741     0.0000     0.0000     0.0000    -3.1471    -3.1471    -3.1471    -3.1471
 49.441536       1988     0.0000    -0.9959     0.0000     0.0000     0.0000    -3.1549    -3.1549    -3.1549    -3.1549
 49.441536       1988     0.0000    -1.5268     0.0000     0.0000     0.0000    -3.3389    -3.3389    -3.3389    -3.3389
 49.441536       1988     0.0000     0.7894    12.5509     0.2631     0.0000    -2.7319    -2.7319    -2.7319    -2.7319
 49.441536       1988     4.3857    -3.1952     0.0000     0.0000     0.0000    -3.5156    -3.5156    -3.5156    -3.5156
 49.441536       1988     7.1914    -3.5896     0.0000     0.0000     0.0000    -4.3500    -4.3500    -4.3500    -4.3500
 49.441536       1988     8.3807    -4.7235     0.0000     0.0000     0.0000    -5.4764    -5.4764    -5.4764    -5.4764
 49.441536       1988     8.4889    -2.7967     0.0000     0.0000     0.0000    -5.8446    -5.8446    -5.8446    -5.8446
 49.441536       1988     6.7298    -1.7524     0.0000     0.0000     0.0000    -5.8268    -5.8268    -5.8268    -5.8268
 49.441536       1988     3.9729     0.2749     2.9963     0.0916     0.0000    -5.1350    -5.1350    -5.1350    -5.1350
 49.441536       1988     2.5848    -2.6488     0.0000     0.0000     0.0000    -5.4890    -5.4890    -5.4890    -5.4890
 49.441536       1988     0.0000     0.3796     3.9905     0.1265     0.0000    -4.7971    -4.7971    -4.7971    -4.7971
 49.441536       1988     0.0000     0.3083     8.2746     0.2162     0.0000    -4.2002    -4.2002    -4.2002    -4.2002
 49.441536       1989     0.0000     2.5337    34.0254     1.0385     0.0000    -2.9230    -2.9230    -2.9230    -2.9230
 49.441536       1989     0.0000    -0.5697    32.3981     0.7416    -0.1899    -2.8118    -2.8118    -2.8118    -2.8118
 49.441536       1989     0.0000     0.4240    41.0575     0.8066    -0.0290    -2.3808    -2.3808    -2.3808    -2.3808
 49.441536       1989     2.9805    -0.7345    37.1187     0.4787    -0.2708    -2.3804    -2.3804    -2.3804    -2.3804
 49.441536       1989     6.1751    -0.5465    34.9196     0.2472    -0.4251    -2.3174    -2.3174    -2.3174    -2.3174
 49.441536       1989     6.1562     0.7178    48.9736     0.4610    -0.1420    -1.8394    -1.8394    -1.8394    -1.8394
 49.441536       1989     7.9771    -4.6119     0.0000     0.0000     0.0000    -3.1872    -3.1872    -3.1872    -3.1872
 49.441536       1989     6.5396     0.2137     5.1398     0.0712     0.0000    -2.7877    -2.7877    -2.7877    -2.7877
 49.441536       1989     4.6585    -2.9400     0.0000     0.0000     0.0000    -3.4806    -3.4806    -3.4806    -3.4806
 49.441536       1989     3.1994    -3.5791     0.0000     0.0000     0.0000    -4.3151    -4.3151    -4.3151    -4.3151
 49.441536       1989     0.0000    -0.6619     0.0000     0.0000     0.0000    -4.0913    -4.0913    -4.0913    -4.0913
 49.441536       1989     0.0000    -1.1257     0.0000     0.0000     0.0000    -4.0451    -4.0451    -4.0451    -4.0451
 49.441536       1990     0.0000    -0.6798     0.0000     0.0000     0.0000    -3.8551    -3.8551    -3.8551    -3.8551
 49.441536       1990     0.0000    -0.6040     0.0000     0.0000     0.0000    -3.6594    -3.6594    -3.6594    -3.6594
 49.441536       1990     0.0000     1.0413    14.2716     0.3471     0.0000    -2.9354    -2.9354    -2.9354    -2.9354
 49.441536       1990     3.4301     0.3383    22.1281     0.4241     0.0000    -2.5203    -2.5203    -2.5203    -2.5203
 49.441536       1990     5.6563    -2.4549     0.0000     0.0000     0.0000    -3.0790    -3.0790    -3.0790    -3.0790
 49.441536       1990     6.1805     1.0254    17.3217     0.3418     0.0000    -2.4201    -2.4201    -2.4201    -2.4201
 49.441536       1990     7.2000    -2.8027     0.0000     0.0000     0.0000    -3.1051    -3.1051    -3.1051    -3.1051
 49.441536       1990     6.8429    -2.9846     0.0000     0.0000     0.0000    -3.7801    -3.7801    -3.7801    -3.7801
 49.441536       1990     4.2408    -2.7287     0.0000     0.0000     0.0000    -4.3003    -4.3003    -4.3003    -4.3003
 49.441536       1990     3.1069    -3.4298     0.0000     0.0000     0.0000    -5.0006    -5.0006    -5.0006    -5.0006
 49.441536       1990     0.0000    -1.7034     0.0000     0.0000     0.0000    -5.0533    -5.0533    -5.0533    -5.0533
 49.441536       1990     0.0000    -0.3205     0.0000     0.0000     0.0000    -4.6396    -4.6396    -4.6396    -4.6396
 49.441536       1991     0.0000    -0.4535     0.0000     0.0000     0.0000    -4.3129    -4.3129    -4.3129    -4.3129
 49.441536       1991     0.0000     0.1985     3.4481     0.0662     0.0000    -3.8025    -3.8025    -3.8025    -3.8025
 49.441536       1991     0.0000    -0.6553     0.0000     0.0000     0.0000    -3.6293    -3.6293    -3.6293    -3.6293
 49.441536       1991     4.1363     1.5012    19.9750     0.5004     0.0000    -2.7551     0.5004     0.5004    -2.7551
 49.441536       1991     5.6644     1.3857    42.1256     0.9107     0.0000    -2.0094     0.9107     0.9107    -2.0094
 49.441536       1991     6.6315    -0.1170    45.3873     0.7779    -0.0390    -1.8414     0.7779     0.7779    -1.8414
 49.441536       1991     6.9238     1.0387    66.0452     1.0440     0.0000    -1.3055     1.0440     1.0440    -1.3055
 49.441536       1991     6.7741    -2.5855    30.7255     0.0746    -0.8618    -2.0329     0.0746     0.0746    -2.0329
 49.441536       1991     3.6101     5.7664   100.0000     0.0000     0.0000     1.9891     1.9891     1.9891     1.9891
 49.441536       1991     2.1255     1.5891     0.0000     0.0000     0.0000     2.3139     2.3139     2.3139     2.3139
 49.441536       1991     0.0000     0.6975     0.0000     0.0000     0.0000     2.3081     2.3081     2.3081     2.3081
 49.441536       1991     0.0000     0.5984     0.0000     0.0000     0.0000     2.2698     2.2698     2.2698     2.2698
 49.441536       1992     0.0000     0.1609     0.0000     0.0000     0.0000     2.0896     2.0896     2.0896     2.0896
 49.441536       1992     0.0000     1.2815     0.0000     0.0000     0.0000     2.3015     2.3015     2.3015     2.3015
 49.441536       1992     0.0000    -0.1779     6.9868     0.0000    -0.0593     2.0051     2.0051     2.0051     2.0051
 49.441536       1992     2.7298     0.7352     0.0000     0.0000     0.0000     2.0436     2.0436     2.0436     2.0436
 49.441536       1992     6.4248    -1.2430    34.8312     0.0000    -0.4143     1.4188     1.4188     1.4188     1.4188
 49.441536       1992     5.3281    -1.6720    86.6353     0.0000    -0.9290     0.7153     0.7153     0.7153     0.7153
 49.441536       1992     5.4669     0.4038    81.3538     0.1346    -0.6987     0.7762     0.7762     0.7762     0.7762
 49.441536       1992     5.4598     2.9450     4.6822     1.1024     0.0000     1.6779     1.6779     1.6779     1.6779
 49.441536       1992     3.7565     0.4196     0.0000     0.0000     0.0000     1.6449     1.6449     1.6449     1.6449
 49.441536       1992     2.6266    -3.3572   100.0000     0.0000     0.0000    -1.1191    -1.1191    -1.1191    -1.1191
 49.441536       1992     0.0000     0.0517    13.3443     0.0172     0.0000    -0.9866     0.0172     0.0172    -0.9866
 49.441536       1992     0.0000     1.4069   100.0000     0.4844     0.0000     0.0000     0.4844     0.4844     0.4844
 49.441536       1993     0.0000     0.5300     0.0000     0.6112     0.0000     0.0000     0.6112     0.6112     0.6112
 49.441536       1993     0.0000    -1.1867     0.0000     0.1527    -0.3956     0.0000    -0.3956    -0.3956    -0.3956
 49.441536       1993     0.0000    -1.2365     0.0000     0.0000    -0.7670     0.0000    -0.7670    -0.7670    -0.7670
 49.441536       1993     3.5109    -0.3045     0.0000     0.0000    -0.7895     0.0000    -0.7895    -0.7895    -0.7895
 49.441536       1993     5.3024    -1.6121     0.0000     0.0000     0.0000    -1.2456    -1.2456    -1.2456    -1.2456
 49.441536       1993     5.3688     1.0666    65.6929     0.3555     0.0000    -0.7618     0.3555     0.3555    -0.7618
 49.441536       1993     5.5446     4.8477   100.0000     0.0000     0.0000     1.9348     1.9348     1.9348     1.9348
 49.441536       1993     5.2275     3.7450     0.0000     0.0000     0.0000     2.9838     2.9838     2.9838     2.9838
 49.441536       1993     3.2883    -1.4937    25.1735     0.0000    -0.4979     2.1786    -0.4979    -0.4979     2.1786
 49.441536       1993     2.3389    -2.1411    65.5106     0.0000    -1.1603     1.2405    -1.1603    -1.1603     1.2405
 49.441536       1993     0.0000    -0.8741    85.8980     0.0000    -1.3321     0.8214    -1.3321    -1.3321     0.8214
 49.441536       1993     0.0000    -0.8677   100.0000     0.0000     0.0000    -1.4841    -1.4841    -1.4841    -1.4841
 49.441536       1994     0.0000    -1.0021     0.0000     0.0000     0.0000    -1.6653    -1.6653    -1.6653    -1.6653
 49.441536       1994     0.0000    -0.9304     0.0000     0.0000     0.0000    -1.8039    -1.8039    -1.8039    -1.8039
 49.441536       1994     0.0000    -0.8648     0.0000     0.0000     0.0000    -1.9064    -1.9064    -1.9064    -1.9064
 49.441536       1994     3.6631    -0.7401     0.0000     0.0000     0.0000    -1.9567    -1.9567    -1.9567    -1.9567
 49.441536       1994     6.0602    -2.2875     0.0000     0.0000     0.0000    -2.5177    -2.5177    -2.5177    -2.5177
 49.441536       1994     6.0195     0.4717    11.7859     0.1572     0.0000    -2.1011     0.1572     0.1572    -2.1011
 49.441536       1994     6.1486     2.5901    70.3933     1.0044     0.0000    -1.0213     1.0044     1.0044    -1.0213
 49.441536       1994     5.3064     0.6552    90.3871     1.1193     0.0000    -0.6977     1.1193     1.1193    -0.6977
 49.441536       1994     3.9020     1.2954   100.0000     0.0000     0.0000     1.4358     1.4358     1.4358     1.4358
 49.441536       1994     2.6095    -0.5636    30.1886     0.0000    -0.1879     1.1001     1.1001     1.1001     1.1001
 49.441536       1994     0.0000     1.7875     0.0000     0.0000     0.0000     1.5826     1.5826     1.5826     1.5826
 49.441536       1994     0.0000    -0.6460    28.8525     0.0000    -0.2153     1.2043    -0.2153    -0.2153     1.2043
 49.441536       1995     0.0000     0.4405    19.9254     0.1468    -0.0463     1.2271     0.1468     0.1468     1.2271
 49.441536       1995     0.0000     0.1660    21.2106     0.1870     0.0000     1.1561     0.1870     0.1870     1.1561
 49.441536       1995     0.0000     0.3202    15.1985     0.2745     0.0000     1.1438     0.2745     0.2745     1.1438
 49.441536       1995     2.7690    -0.6351    58.2093     0.0345    -0.2117     0.8143    -0.2117    -0.2117     0.8143
 49.441536       1995     5.1412    -0.8204   100.0000     0.0000    -0.4634     0.0000    -0.4634    -0.4634    -0.4634
 49.441536       1995     6.9795    -3.7587     0.0000     0.0000     0.0000    -1.6686    -1.6686    -1.6686    -1.6686
 49.441536       1995     6.6331     2.0778    74.5050     0.6926     0.0000    -0.8041     0.6926     0.6926    -0.8041
 49.441536       1995     6.5183     0.0897    85.3318     0.6512     0.0000    -0.6914     0.6512     0.6512    -0.6914
 49.441536       1995     4.0053     0.1962    99.4906     0.6495     0.0000    -0.5548     0.6495     0.6495    -0.5548
 49.441536       1995     1.8187     0.2774   100.0000     0.6751     0.0000     0.0000     0.6751     0.6751     0.6751
 49.441536       1995     0.0000     1.1012     0.0000     0.9726     0.0000     0.0000     0.9726     0.9726     0.9726
 49.441536       1995     0.0000     1.4095     0.0000     0.0000     0.0000     1.3423     1.3423     1.3423     1.3423
 49.441536       1996     0.0000     2.0066     0.0000     0.0000     0.0000     1.8729     1.8729     1.8729     1.8729
 49.441536       1996     0.0000     1.3764     0.0000     0.0000     0.0000     2.1388     2.1388     2.1388     2.1388
 49.441536       1996     0.0000    -0.5930    17.4609     0.0000    -0.1977     1.7208     1.7208     1.7208     1.7208
 49.441536       1996     0.0000     2.0285     0.0000     0.0000     0.0000     2.2197     2.2197     2.2197     2.2197
 49.441536       1996     4.9854     2.6836     0.0000     0.0000     0.0000     2.8856     2.8856     2.8856     2.8856
 49.441536       1996     6.5551    -1.1775    21.1886     0.0000    -0.3925     2.1959     2.1959     2.1959     2.1959
 49.441536       1996     5.9521     1.5695     0.0000     0.0000     0.0000     2.4929     2.4929     2.4929     2.4929
 49.441536       1996     6.3182    -2.1320    43.8131     0.0000    -0.7107     1.5255     1.5255     1.5255     1.5255
 49.441536       1996     3.5087     0.4992    39.5484     0.1664    -0.4711     1.5348     1.5348     1.5348     1.5348
 49.441536       1996     2.0905     0.1825    41.6468     0.2101    -0.3617     1.4375     1.4375     1.4375     1.4375
 49.441536       1996     0.0000     1.6911     8.4149     0.7522     0.0000     1.8531     1.8531     1.8531     1.8531
 49.441536       1996     0.0000     2.3328     0.0000     0.0000     0.0000     2.4398     2.4398     2.4398     2.4398
 49.441536       1997     0.0000     1.5506     0.0000     0.0000     0.0000     2.7054     2.7054     2.7054     2.7054
 49.441536       1997     0.0000    -0.7595    15.7353     0.0000    -0.2532     2.1736     2.1736     2.1736     2.1736
 49.441536       1997     0.0000     0.3202    14.0579     0.1067    -0.1204     2.0565     2.0565     2.0565     2.0565
 49.441536       1997     2.8225     1.6326     0.0000     0.0000     0.0000     2.3889     2.3889     2.3889     2.3889
 49.441536       1997     4.7940    -0.1488     6.0629     0.0000    -0.0496     2.0932     2.0932     2.0932     2.0932
 49.441536       1997     6.2805    -1.1410    35.8741     0.0000    -0.4248     1.4973     1.4973     1.4973     1.4973
 49.441536       1997     5.9287     2.4041     0.0000     0.0000     0.0000     2.1445     2.1445     2.1445     2.1445
 49.441536       1997     5.3213    -1.7205    43.7979     0.0000    -0.5735     1.3501    -0.5735    -0.5735     1.3501
 49.441536       1997     4.0521    -0.0552    51.8463     0.0000    -0.5328     1.1926    -0.5328    -0.5328     1.1926
 49.441536       1997     1.9675     1.2956    24.5726     0.4319    -0.0460     1.5016    -0.0460    -0.0460     1.5016
 49.441536       1997     0.0000    -0.1626    35.8033     0.3332    -0.0955     1.2927    -0.0955    -0.0955     1.2927
 49.441536       1997     0.0000    -1.4308    87.6492     0.0000    -0.5626     0.6826    -0.5626    -0.5626     0.6826
 49.441536       1998     0.0000    -0.3890   100.0000     0.0000    -0.6343     0.0000    -0.6343    -0.6343    -0.6343
 49.441536       1998     0.0000     1.1394     0.0000     0.3798    -0.1892     0.0000    -0.1892    -0.1892    -0.1892
 49.441536       1998     0.0000    -0.7591     0.0000     0.0876    -0.4227     0.0000    -0.4227    -0.4227    -0.4227
 49.441536       1998     4.1834    -1.3029     0.0000     0.0000    -0.8135     0.0000    -0.8135    -0.8135    -0.8135
 49.441536       1998     5.2867     1.0044     0.0000     0.3348    -0.3949     0.0000     0.3348     0.3348     0.3348
 49.441536       1998     4.4432     1.8806     0.0000     0.9272     0.0000     0.0000     0.9272     0.9272     0.9272
 49.441536       1998     6.1372    -0.3165     0.0000     0.7262    -0.1055     0.0000    -0.1055    -0.1055    -0.1055
 49.441536       1998     6.0912    -1.7179     0.0000     0.0788    -0.6673     0.0000    -0.6673    -0.6673    -0.6673
 49.441536       1998     3.7649    -3.0962     0.0000     0.0000     0.0000    -1.6306    -1.6306    -1.6306    -1.6306
 49.441536       1998     2.1423     3.6253   100.0000     0.0000     0.0000     1.2084     1.2084     1.2084     1.2084
 49.441536       1998     0.0000     1.2999     0.0000     0.0000     0.0000     1.5172     1.5172     1.5172     1.5172
 49.441536       1998     0.0000     0.5131     0.0000     0.0000     0.0000     1.5320     1.5320     1.5320     1.5320
 49.441536       1999     0.0000     0.4866     0.0000     0.0000     0.0000     1.5364     1.5364     1.5364     1.5364
 49.441536       1999     0.0000     0.1186     1.1929     0.0395     0.0000     1.4177     1.4177     1.4177     1.4177
 49.441536       1999     0.0000     0.8392     0.0000     0.0000     0.0000     1.5514     1.5514     1.5514     1.5514
 49.441536       1999     3.7544     0.7090     0.0000     0.0000     0.0000     1.6279     1.6279     1.6279     1.6279
 49.441536       1999     4.8334     3.6628     0.0000     0.0000     0.0000     2.6812     2.6812     2.6812     2.6812
 49.441536       1999     5.5416     1.9633     0.0000     0.0000     0.0000     3.0595     3.0595     3.0595     3.0595
 49.441536       1999     6.5379     1.2560     0.0000     0.0000     0.0000     3.1630     3.1630     3.1630     3.1630
 49.441536       1999     5.3399     0.8636     0.0000     0.0000     0.0000     3.1251     3.1251     3.1251     3.1251
 49.441536       1999     2.7753     3.4109     0.0000     0.0000     0.0000     3.9402     3.9402     3.9402     3.9402
 49.441536       1999     2.3458    -1.5307    18.4626     0.0000    -0.5102     3.0241    -0.5102    -0.5102     3.0241
 49.441536       1999     1.4581    -3.3573    62.3667     0.0000    -1.5768     1.5935    -1.5768    -1.5768     1.5935
 49.441536       1999     0.0000    -1.6470    87.5736     0.0000    -1.9634     0.8804    -1.9634    -1.9634     0.8804
 49.441536       2000     0.0000    -1.8739   100.0000     0.0000     0.0000    -2.3858    -2.3858    -2.3858    -2.3858
 49.441536       2000     0.0000    -0.8191     0.0000     0.0000     0.0000    -2.4131    -2.4131    -2.4131    -2.4131
 49.441536       2000     2.3084    -2.6093     0.0000     0.0000     0.0000    -3.0343    -3.0343    -3.0343    -3.0343
 49.441536       2000     3.4433    -2.7337     0.0000     0.0000     0.0000    -3.6330    -3.6330    -3.6330    -3.6330
 49.441536       2000     5.1781    -1.9304     0.0000     0.0000     0.0000    -3.9023    -3.9023    -3.9023    -3.9023
 49.441536       2000     4.6829     3.2463    37.7320     1.0821     0.0000    -2.4183     1.0821     1.0821    -2.4183
 49.441536       2000     6.5864    -0.7228    33.5970     0.7297    -0.2409    -2.4102     0.7297     0.7297    -2.4102
 49.441536       2000     4.6747     3.7527    86.1299     1.9054     0.0000    -0.9111     1.9054     1.9054    -0.9111
 49.441536       2000     3.3574     0.3341    93.9094     1.8205     0.0000    -0.7059     1.8205     1.8205    -0.7059
 49.441536       2000     2.6585    -0.9802    83.8403     1.3063    -0.3267    -0.9599     1.3063     1.3063    -0.9599
 49.441536       2000     0.0000     5.1049   100.0000     0.0000     0.0000     2.8734     2.8734     2.8734     2.8734
 49.441536       2000     0.0000     0.4918     0.0000     0.0000     0.0000     2.7414     2.7414     2.7414     2.7414
 49.441536       2001     0.0000    -0.2734     7.2041     0.0000    -0.0911     2.3679     2.3679     2.3679     2.3679
 49.441536       2001     0.0000     0.9255     0.0000     0.0000     0.0000     2.4325     2.4325     2.4325     2.4325
 49.441536       2001     0.0000    -1.5063    32.8258     0.0000    -0.5021     1.6798     1.6798     1.6798     1.6798
 49.441536       2001     3.0384     2.9068     0.0000     0.0000     0.0000     2.4757     2.4757     2.4757     2.4757
 49.441536       2001     5.1471     3.7666     0.0000     0.0000     0.0000     3.4762     3.4762     3.4762     3.4762
 49.441536       2001     5.0723     1.0754     0.0000     0.0000     0.0000     3.4766     3.4766     3.4766     3.4766
 49.441536       2001     5.8987     3.1613     0.0000     0.0000     0.0000     4.1723     4.1723     4.1723     4.1723
 49.441536       2001     5.3861     1.7446     0.0000     0.0000     0.0000     4.3241     4.3241     4.3241     4.3241
 49.441536       2001     3.3299    -0.7628     9.0050     0.0000    -0.2543     3.6245    -0.2543    -0.2543     3.6245
 49.441536       2001     1.7521     0.4763     6.3980     0.1588    -0.0693     3.4100    -0.0693    -0.0693     3.4100
 49.441536       2001     1.0024    -1.4515    26.4796     0.0000    -0.5460     2.5749    -0.5460    -0.5460     2.5749
 49.441536       2001     0.0000    -0.8435    41.7685     0.0000    -0.7709     2.0285    -0.7709    -0.7709     2.0285
 49.441536       2002     0.0000    -2.0077    74.7766     0.0000    -1.3607     1.1503    -1.3607    -1.3607     1.1503
 49.441536       2002     0.0000    -2.2046   100.0000     0.0000     0.0000    -1.9554    -1.9554    -1.9554    -1.9554
 49.441536       2002     0.0000    -1.5378     0.0000     0.0000     0.0000    -2.2666    -2.2666    -2.2666    -2.2666
 49.441536       2002     2.7521     0.0038     3.3442     0.0013     0.0000    -2.0319    -2.0319    -2.0319    -2.0319
 49.441536       2002     4.9066    -0.4088     0.0000     0.0000     0.0000    -1.9589    -1.9589    -1.9589    -1.9589
 49.441536       2002     6.1148     7.6597   100.0000     0.0000     0.0000     2.5532     2.5532     2.5532     2.5532
 49.441536       2002     6.3959     4.1652     0.0000     0.0000     0.0000     3.6786     3.6786     3.6786     3.6786
 49.441536       2002     5.1438     4.3091     0.0000     0.0000     0.0000     4.7361     4.7361     4.7361     4.7361
 49.441536       2002     3.8995    -1.0649    10.8039     0.0000    -0.3550     3.8933    -0.3550    -0.3550     3.8933
 49.441536       2002     0.0000     0.6024     7.4810     0.2008    -0.1176     3.6931    -0.1176    -0.1176     3.6931
 49.441536       2002     0.0000    -1.3616    24.7164     0.0000    -0.5593     2.8589    -0.5593    -0.5593     2.8589
 49.441536       2002     0.0000    -0.7612    37.6180     0.0000    -0.7554     2.3107    -0.7554    -0.7554     2.3107
 49.441536       2003     0.0000    -1.5677    62.0367     0.0000    -1.2002     1.5501    -1.2002    -1.2002     1.5501
 49.441536       2003     0.0000    -1.1435    81.8092     0.0000    -1.4577     1.0093    -1.4577    -1.4577     1.0093
 49.441536       2003     0.0000    -0.7485    95.7158     0.0000    -1.5570     0.6559    -1.5570    -1.5570     0.6559
 49.441536       2003     3.6362    -0.7897   100.0000     0.0000     0.0000    -1.6599    -1.6599    -1.6599    -1.6599
 49.441536       2003     5.8834    -1.2222     0.0000     0.0000     0.0000    -1.8963    -1.8963    -1.8963    -1.8963
 49.441536       2003     5.4115     1.1099    34.9698     0.3700     0.0000    -1.3310    -1.3310    -1.3310    -1.3310
 49.441536       2003     5.8655    -1.6041     0.0000     0.0000     0.0000    -1.7286    -1.7286    -1.7286    -1.7286
 49.441536       2003     5.7284    -1.9480     0.0000     0.0000     0.0000    -2.1999    -2.1999    -2.1999    -2.1999
 49.441536       2003     3.1176     1.9071    46.5417     0.6357     0.0000    -1.3376    -1.3376    -1.3376    -1.3376
 49.441536       2003     2.3410    -1.2232    23.6705     0.1625    -0.4077    -1.6076    -1.6076    -1.6076    -1.6076
 49.441536       2003     0.0000    -0.6619    12.3880     0.0000    -0.5863    -1.6627    -1.6627    -1.6627    -1.6627
 49.441536       2003     0.0000    -0.6352     0.0000     0.0000     0.0000    -1.7032    -1.7032    -1.7032    -1.7032
 49.441536       2004     0.0000     0.2683    13.5653     0.0894     0.0000    -1.4384    -1.4384    -1.4384    -1.4384
 49.441536       2004     0.0000    -0.7046     0.0000     0.0000     0.0000    -1.5251    -1.5251    -1.5251    -1.5251
 49.441536       2004     0.0000     1.1920    51.5362     0.3973     0.0000    -0.9707     0.3973     0.3973    -0.9707
 49.441536       2004     3.2694    -0.1148    56.1176     0.3181    -0.0383    -0.9090     0.3181     0.3181    -0.9090
 49.441536       2004     4.4112     5.7681   100.0000     0.0000     0.0000     2.2080     2.2080     2.2080     2.2080
 49.441536       2004     5.3085     0.2365     0.0000     0.0000     0.0000     2.0594     2.0594     2.0594     2.0594
 49.441536       2004     5.4511     0.9305     0.0000     0.0000     0.0000     2.1574     2.1574     2.1574     2.1574
 49.441536       2004     4.0537     2.9517     0.0000     0.0000     0.0000     2.9191     2.9191     2.9191     2.9191
 49.441536       2004     3.1930     3.3301     0.0000     0.0000     0.0000     3.7285     3.7285     3.7285     3.7285
 49.441536       2004     2.0892     2.3565     0.0000     0.0000     0.0000     4.1300     4.1300     4.1300     4.1300
 49.441536       2004     0.0000    -1.2790    14.8644     0.0000    -0.4263     3.2783     3.2783     3.2783     3.2783
 49.441536       2004     0.0000     1.9894     0.0000     0.0000     0.0000     3.6038     3.6038     3.6038     3.6038
 49.441536       2005     0.0000     3.1792     0.0000     0.0000     0.0000     4.2923     4.2923     4.2923     4.2923
 49.441536       2005     0.0000    -0.3323     4.7992     0.0000    -0.1108     3.7394     3.7394     3.7394     3.7394
 49.441536       2005     0.0000    -1.2573    20.8906     0.0000    -0.5185     2.9352     2.9352     2.9352     2.9352
 49.441536       2005     4.0450    -1.3096    40.4091     0.0000    -0.9016     2.1963     2.1963     2.1963     2.1963
 49.441536       2005     4.4691     1.1333    30.4904     0.3778    -0.4310     2.3479     2.3479     2.3479     2.3479
 49.441536       2005     4.9195     3.7044     0.0000     0.0000     0.0000     3.3409     3.3409     3.3409     3.3409
 49.441536       2005     6.5015     1.3723     0.0000     0.0000     0.0000     3.4542     3.4542     3.4542     3.4542
 49.441536       2005     4.8334     1.5672     0.0000     0.0000     0.0000     3.6208     3.6208     3.6208     3.6208
 49.441536       2005     3.8843    -1.8608    24.3917     0.0000    -0.6203     2.6276     2.6276     2.6276     2.6276
 49.441536       2005     1.8442     2.0792     1.0762     0.6931     0.0000     3.0500     3.0500     3.0500     3.0500
 49.441536       2005     0.0000     3.1030     0.0000     0.0000     0.0000     3.7702     3.7702     3.7702     3.7702
 49.441536       2005     0.0000     0.6837     0.0000     0.0000     0.0000     3.6098     3.6098     3.6098     3.6098
 49.441536       2006     0.0000     0.2043     0.0000     0.0000     0.0000     3.3061     3.3061     3.3061     3.3061
 49.441536       2006     0.0000     0.4746     0.0000     0.0000     0.0000     3.1238     3.1238     3.1238     3.1238
 49.441536       2006     0.0000     1.9808     0.0000     0.0000     0.0000     3.4623     3.4623     3.4623     3.4623
 49.441536       2006     4.1566    -0.9201    13.6892     0.0000    -0.3067     2.7990    -0.3067    -0.3067     2.7990
 49.441536       2006     5.0390    -1.4157    37.1126     0.0000    -0.7470     2.0388    -0.7470    -0.7470     2.0388
 49.441536       2006     6.1138    -3.5032    94.9688     0.0000    -1.8378     0.6611    -1.8378    -1.8378     0.6611
 49.441536       2006     7.5251    -3.7588   100.0000     0.0000     0.0000    -2.9014    -2.9014    -2.9014    -2.9014
 49.441536       2006     5.5256    -0.1598     0.0000     0.0000     0.0000    -2.6558    -2.6558    -2.6558    -2.6558
 49.441536       2006     3.4808    -0.6961     0.0000     0.0000     0.0000    -2.6143    -2.6143    -2.6143    -2.6143
 49.441536       2006     1.9781    -0.5922     0.0000     0.0000     0.0000    -2.5424    -2.5424    -2.5424    -2.5424
 49.441536       2006     0.0000    -0.9705     0.0000     0.0000     0.0000    -2.6040    -2.6040    -2.6040    -2.6040
 49.441536       2006     0.0000    -0.1920     0.0000     0.0000     0.0000    -2.3998    -2.3998    -2.3998    -2.3998
 49.441536       2007     0.0000    -1.4774     0.0000     0.0000     0.0000    -2.6451    -2.6451    -2.6451    -2.6451
 49.441536       2007     0.0000    -0.0434     1.8972     0.0000    -0.0145    -2.3871    -0.0145    -0.0145    -2.3871
 49.441536       2007     0.0000     1.7467    39.8245     0.5822     0.0000    -1.5590     0.5822     0.5822    -1.5590
 49.441536       2007     3.4543     0.0285    46.4364     0.5317     0.0000    -1.3889     0.5317     0.5317    -1.3889
 49.441536       2007     5.3570     1.1505    78.7979     0.8604     0.0000    -0.8623     0.8604     0.8604    -0.8623
 49.441536       2007     6.1392     1.4768   100.0000     0.0000     0.0000     1.2640     1.2640     1.2640     1.2640
 49.441536       2007     7.4358    -0.5246    35.4800     0.0000    -0.1749     0.9589    -0.1749    -0.1749     0.9589
 49.441536       2007     5.0949    -1.9958   100.0000     0.0000    -0.8221     0.0000    -0.8221    -0.8221    -0.8221
 49.441536       2007     3.3708    -0.2093     0.0000     0.0000    -0.8072     0.0000    -0.8072    -0.8072    -0.8072
 49.441536       2007     1.9517     3.2680     0.0000     0.0000     0.0000     1.0893     1.0893     1.0893     1.0893
 49.441536       2007     0.0000    -0.6086    52.9997     0.0000    -0.2029     0.7742     0.7742     0.7742     0.7742
 49.441536       2007     0.0000     1.3256     0.0000     0.0000     0.0000     1.1363     1.1363     1.1363     1.1363
 49.441536       2008     0.0000    -1.0768    78.7545     0.0000    -0.3589     0.6603    -0.3589    -0.3589     0.6603
 49.441536       2008     0.0000    -0.1662   100.0000     0.0000    -0.3773     0.0000    -0.3773    -0.3773    -0.3773
 49.441536       2008     0.0000    -0.9667     0.0000     0.0000    -0.6607     0.0000    -0.6607    -0.6607    -0.6607
 49.441536       2008     3.1343     1.4272     0.0000     0.4757    -0.1169     0.0000    -0.1169    -0.1169    -0.1169
 49.441536       2008     5.0153    -0.5059     0.0000     0.2581    -0.2735     0.0000    -0.2735    -0.2735    -0.2735
 49.441536       2008     5.4762     0.5836     0.0000     0.4261    -0.0508     0.0000    -0.0508    -0.0508    -0.0508
 49.441536       2008     6.3089    -0.4198     0.0000     0.2423    -0.1855     0.0000    -0.1855    -0.1855    -0.1855
 49.441536       2008     5.2396    -0.9515     0.0000     0.0000    -0.4836     0.0000    -0.4836    -0.4836    -0.4836
 49.441536       2008     3.0034     2.8422     0.0000     0.9474     0.0000     0.0000     0.9474     0.9474     0.9474
 49.441536       2008     2.2020     3.1831     0.0000     0.0000     0.0000     1.9109     1.9109     1.9109     1.9109
 49.441536       2008     0.0000     2.3596     0.0000     0.0000     0.0000     2.5006     2.5006     2.5006     2.5006
 49.441536       2008     0.0000     2.5817     0.0000     0.0000     0.0000     3.1036     3.1036     3.1036     3.1036
 49.441536       2009     0.0000     0.3998     0.0000     0.0000     0.0000     2.9172     2.9172     2.9172     2.9172
 49.441536       2009     0.0000     1.5188     0.0000     0.0000     0.0000     3.1230     3.1230     3.1230     3.1230
 49.441536       2009     0.0000     4.7414     0.0000     0.0000     0.0000     4.3818     4.3818     4.3818     4.3818
 49.441536       2009     2.8562     0.2147     0.0000     0.0000     0.0000     4.0020     4.0020     4.0020     4.0020
 49.441536       2009     4.2092     1.6931     0.0000     0.0000     0.0000     4.1542     4.1542     4.1542     4.1542
 49.441536       2009     5.0477    -0.3114     4.7669     0.0000    -0.1038     3.6225    -0.1038    -0.1038     3.6225
 49.441536       2009     5.5967    -0.5162    12.9466     0.0000    -0.2652     3.0773    -0.2652    -0.2652     3.0773
 49.441536       2009     4.3122     1.0331     3.0916     0.3444     0.0000     3.1047     0.3444     0.3444     3.1047
 49.441536       2009     3.7994    -1.2724    23.4803     0.0000    -0.4241     2.3608    -0.4241    -0.4241     2.3608
 49.441536       2009     1.4171     0.5313    19.7190     0.1771    -0.2033     2.2947    -0.2033    -0.2033     2.2947
 49.441536       2009     1.1626    -1.4189    47.8897     0.0000    -0.6553     1.5854    -0.6553    -0.6553     1.5854
 49.441536       2009     0.0000     0.4559    45.3419     0.1520    -0.4358     1.5741     0.1520     0.1520     1.5741
 49.441536       2010     0.0000     1.0060    32.0303     0.4717    -0.0556     1.7473     0.4717     0.4717     1.7473
 49.441536       2010     0.0000     0.2847    31.8290     0.5180     0.0000     1.6622     0.5180     0.5180     1.6622
 49.441536       2010     0.0000    -0.4685    48.0350     0.3085    -0.1562     1.3348    -0.1562    -0.1562     1.3348
 49.441536       2010     4.2997    -1.7632    95.8132     0.0000    -0.7279     0.6096    -0.7279    -0.7279     0.6096
 49.441536       2010     5.5262     1.6204    61.9185     0.5401    -0.1128     1.0870    -0.1128    -0.1128     1.0870
 49.441536       2010     4.8185    -0.8417    89.2822     0.2039    -0.3817     0.6945    -0.3817    -0.3817     0.6945
 49.441536       2010     7.0269    -0.8007   100.0000     0.0000    -0.6093     0.0000    -0.6093    -0.6093    -0.6093
 49.441536       2010     5.5055    -1.8973     0.0000     0.0000     0.0000    -1.1790    -1.1790    -1.1790    -1.1790
 49.441536       2010     2.7834     4.1808   100.0000     0.0000     0.0000     1.3936     1.3936     1.3936     1.3936
 49.441536       2010     2.7498     0.1753     0.0000     0.0000     0.0000     1.3085     1.3085     1.3085     1.3085
 49.441536       2010     0.0000     0.1662     0.0000     0.0000     0.0000     1.2291     1.2291     1.2291     1.2291
 49.441536       2010     0.0000    -0.6512    44.3272     0.0000    -0.2171     0.8854     0.8854     0.8854     0.8854
 49.441536       2011     0.0000     1.5712     0.0000     0.0000     0.0000     1.3179     1.3179     1.3179     1.3179
 49.441536       2011     0.0000    -0.7121    42.1249     0.0000    -0.2374     0.9448    -0.2374    -0.2374     0.9448
 49.441536       2011     0.0000    -1.1950   100.0000     0.0000    -0.6113     0.0000    -0.6113    -0.6113    -0.6113
 49.441536       2011     3.1471     4.4984     0.0000     0.0000     0.0000     1.4995     1.4995     1.4995     1.4995
 49.441536       2011     4.3403     2.3533     0.0000     0.0000     0.0000     2.1295     2.1295     2.1295     2.1295
 49.441536       2011     5.9355     0.5533     0.0000     0.0000     0.0000     2.0946     2.0946     2.0946     2.0946
 49.441536       2011     7.2858    -1.1934    32.4762     0.0000    -0.3978     1.4811    -0.3978    -0.3978     1.4811
 49.441536       2011     6.9593    -4.0001   100.0000     0.0000     0.0000    -1.6902    -1.6902    -1.6902    -1.6902
 49.441536       2011     4.6262    -2.1788     0.0000     0.0000     0.0000    -2.2424    -2.2424    -2.2424    -2.2424
 49.441536       2011     3.1142    -2.2554     0.0000     0.0000     0.0000    -2.7632    -2.7632    -2.7632    -2.7632
 49.441536       2011     0.0000    -1.6649     0.0000     0.0000     0.0000    -3.0335    -3.0335    -3.0335    -3.0335
 49.441536       2011     0.0000    -2.0152     0.0000     0.0000     0.0000    -3.3928    -3.3928    -3.3928    -3.3928
 49.441536       2012     0.0000    -1.7258     0.0000     0.0000     0.0000    -3.6186    -3.6186    -3.6186    -3.6186
 49.441536       2012     0.0000    -0.8611     0.0000     0.0000     0.0000    -3.5329    -3.5329    -3.5329    -3.5329
 49.441536       2012     0.0000     1.3829    19.1448     0.4610     0.0000    -2.7080    -2.7080    -2.7080    -2.7080
 49.441536       2012     3.5049     0.2161    25.9416     0.4855     0.0000    -2.3571    -2.3571    -2.3571    -2.3571
 49.441536       2012     4.8675    -1.3556    10.2848     0.0000    -0.4519    -2.5662    -2.5662    -2.5662    -2.5662
 49.441536       2012     7.0749    -2.8978     0.0000     0.0000     0.0000    -3.2678    -3.2678    -3.2678    -3.2678
 49.441536       2012     8.6948    -2.4234     0.0000     0.0000     0.0000    -3.7390    -3.7390    -3.7390    -3.7390
 49.441536       2012     7.0378    -2.4027     0.0000     0.0000     0.0000    -4.1548    -4.1548    -4.1548    -4.1548
 49.441536       2012     5.1491    -4.6975     0.0000     0.0000     0.0000    -5.2927    -5.2927    -5.2927    -5.2927
 49.441536       2012     2.3087     2.1017    17.6704     0.7006     0.0000    -4.0470     0.7006     0.7006    -4.0470
 49.441536       2012     0.0000    -0.1988    18.9215     0.5622    -0.0663    -3.6964     0.5622     0.5622    -3.6964
 49.441536       2012     0.0000     0.2200    24.1586     0.5776     0.0000    -3.2423     0.5776     0.5776    -3.2423
 49.441536       2013     0.0000     1.7026    45.1679     1.0856     0.0000    -2.3408     1.0856     1.0856    -2.3408
 49.441536       2013     0.0000     0.8306    58.6048     1.2506     0.0000    -1.8228     1.2506     1.2506    -1.8228
 49.441536       2013     0.0000     0.2372    65.7491     1.2009     0.0000    -1.5560     1.2009     1.2009    -1.5560
 49.441536       2013     2.7101     1.6097    89.0632     1.6138     0.0000    -0.8592     1.6138     1.6138    -0.8592
 49.441536       2013     4.5043     3.2468   100.0000     0.0000     0.0000     2.5298     2.5298     2.5298     2.5298
 49.441536       2013     5.9910    -2.1233    42.8295     0.0000    -0.7078     1.5615    -0.7078    -0.7078     1.5615
 49.441536       2013     5.9305     0.3724    41.2212     0.1241    -0.5108     1.5248    -0.5108    -0.5108     1.5248
 49.441536       2013     5.5808    -0.6261    60.7409     0.0000    -0.6669     1.1591    -0.6669    -0.6669     1.1591
 49.441536       2013     3.9380    -0.5168    78.5810     0.0000    -0.7705     0.8674    -0.7705    -0.7705     0.8674
 49.441536       2013     2.2635    -0.3552    92.3995     0.0000    -0.8095     0.6596    -0.8095    -0.8095     0.6596
 49.441536       2013     0.0000    -0.5462   100.0000     0.0000    -0.9082     0.0000    -0.9082    -0.9082    -0.9082
 49.441536       2013     0.0000     1.1259     0.0000     0.3753    -0.4394     0.0000    -0.4394    -0.4394    -0.4394
