49.44153595	1979	-21.91	1.39	0.61	57.73	2.85	0.00038441
49.44153595	1979	-14.83	8.93	1.12	94.53	3.34	0.00054667
49.44153595	1979	8.11	29.66	1.5	156.21	3.5	0.00167582
49.44153595	1979	22.35	42.33	2.98	198.28	3.14	0.00273437
49.44153595	1979	36.07	56.38	2.25	220.44	3.22	0.00413677
49.44153595	1979	48.1	72.54	2.76	273.91	4.23	0.00687284
49.44153595	1979	55.4	77.91	3.57	283.52	3.77	0.00913912
49.44153595	1979	48.48	72.37	2.73	225.93	3.94	0.00819353
49.44153595	1979	42.28	66.96	0.98	164.66	4.48	0.00614599
49.44153595	1979	28.95	47.4	1.45	94.21	5.29	0.00359841
49.44153595	1979	14.46	29.42	1.08	58.08	4.13	0.00202365
49.44153595	1979	6.24	25.42	0.39	51.64	3.15	0.00139263
49.44153595	1980	-10.98	11.08	1	58.15	3.41	0.00072595
49.44153595	1980	-6.21	17.27	0.73	90.54	3.1	0.00088994
49.44153595	1980	3.3	30.5	0.64	172.11	3.03	0.00142325
49.44153595	1980	29.99	59.23	0.12	239.71	3.05	0.00279313
49.44153595	1980	42.98	74.12	0.37	262.22	3.71	0.00434885
49.44153595	1980	48.4	75.07	2.36	262.98	4.93	0.00722192
49.44153595	1980	54.98	81	2.38	279.57	4.21	0.0084759
49.44153595	1980	50.74	72.65	5	204.05	3.77	0.00832823
49.44153595	1980	40.97	62.89	3.01	155.91	4.89	0.00626119
49.44153595	1980	29.5	46.7	1.65	89.39	5.92	0.00337589
49.44153595	1980	19.19	35.37	1.18	57.25	4.21	0.00237721
49.44153595	1980	-5.49	15.11	0.5	46.17	3.6	0.00100861
49.44153595	1981	-5.28	18.24	0.36	63.01	2.85	0.0008717
49.44153595	1981	4.61	25.61	0.48	98.72	3.25	0.0011479
49.44153595	1981	17.76	41.35	0.9	158.69	2.89	0.00187983
49.44153595	1981	28.9	53.87	1.02	226.39	3.43	0.00316415
49.44153595	1981	39.09	65.92	2.08	254.84	3.25	0.00417923
49.44153595	1981	49.05	70.7	6.39	240.83	4.24	0.00726091
49.44153595	1981	54.9	79.33	2.17	278.33	4.29	0.00903142
49.44153595	1981	53.42	76.25	2.84	230.65	3.91	0.0089697
49.44153595	1981	41.32	63.52	3.65	171.78	4.88	0.00600321
49.44153595	1981	32.17	49.32	2.52	96.69	6.41	0.00384918
49.44153595	1981	24.06	40.74	0.78	66.7	4.22	0.00268572
49.44153595	1981	-1.86	15.48	0.92	47.46	2.71	0.00109322
49.44153595	1982	-24.36	0.64	1.37	61.04	3.95	0.00036022
49.44153595	1982	-4.07	17.64	0.42	96.73	3.46	0.00088255
49.44153595	1982	8.07	29.44	1.22	151.98	4.08	0.00164133
49.44153595	1982	24.4	49.37	1.03	227.49	3.59	0.00263545
49.44153595	1982	43.87	66.24	2.48	226.52	3.32	0.00583514
49.44153595	1982	44.01	67.36	2.82	253.91	4.29	0.00627084
49.44153595	1982	55.58	78.68	5.74	267.34	4.09	0.00965685
49.44153595	1982	49.64	72.71	2.21	232.09	3.98	0.0081458
49.44153595	1982	41.76	63.84	2.43	158.39	5.03	0.00635137
49.44153595	1982	35.41	50.35	3.8	91.06	4.74	0.00451087
49.44153595	1982	11.84	28.74	0.94	60.24	4.43	0.0019905
49.44153595	1982	6.04	23.22	0.57	48.2	3.54	0.00149478
49.44153595	1983	0.97	19.44	0.72	56.87	3.69	0.00119449
49.44153595	1983	7.15	25.86	0.99	96.51	2.96	0.00158739
49.44153595	1983	18.58	34.67	1.53	145.39	3.26	0.00217254
49.44153595	1983	26.53	48.88	0.59	215.72	3.13	0.00274538
49.44153595	1983	35.67	61.88	1.86	246.89	3.67	0.00400527
49.44153595	1983	50.59	72.67	4.74	248.41	4.61	0.00739756
49.44153595	1983	59.33	81.8	2.2	272.66	4.46	0.01020077
49.44153595	1983	56.93	82.59	4.15	225.59	3.72	0.00973288
49.44153595	1983	43.13	63.39	2.82	153.82	5.47	0.00623092
49.44153595	1983	33.11	49.83	2.21	97.74	4.83	0.00428967
49.44153595	1983	21.46	32.11	1.38	55.61	4.84	0.00265737
49.44153595	1983	-14.76	4.05	0.99	49.85	3.43	0.00052247
49.44153595	1984	-8.15	13.85	0.38	59.06	3.34	0.00080956
49.44153595	1984	11.02	29.74	1.04	93.87	2.64	0.00174546
49.44153595	1984	8.33	30.21	0.31	171.71	3.1	0.00147644
49.44153595	1984	30.56	55.73	1.23	218.2	3.03	0.00305469
49.44153595	1984	38.08	64.4	0.73	239.8	3.84	0.00415615
49.44153595	1984	51.75	73.12	5.55	246.54	4.63	0.00802079
49.44153595	1984	53.85	78.71	2.45	262.94	4.31	0.00830277
49.44153595	1984	54.88	80.3	1.63	231.4	4.46	0.00866275
49.44153595	1984	38.06	60.88	0.69	144.44	4.73	0.00494923
49.44153595	1984	34.89	51.94	4.45	91.66	5.57	0.00448694
49.44153595	1984	16.16	32.08	0.56	60.36	4.84	0.00212034
49.44153595	1984	-7.75	12.88	1.37	49.72	3.58	0.00086792
49.44153595	1985	-11.21	11.13	0.38	54.51	3.64	0.00068463
49.44153595	1985	-7.41	17.84	0.61	96.61	3.16	0.00088642
49.44153595	1985	17.33	38.09	0.78	174.37	3.72	0.00218253
49.44153595	1985	31.05	55.19	1.87	222.56	3.35	0.00338937
49.44153595	1985	43.41	69.22	4.49	248.15	3.33	0.00550374
49.44153595	1985	45.98	67.5	4.88	235.77	4.57	0.0063077
49.44153595	1985	52.28	77.15	2.4	273.32	3.85	0.00782353
49.44153595	1985	49.78	69.75	5.9	185.7	4.19	0.00760842
49.44153595	1985	41.03	57.99	2.45	147.27	5.2	0.00600736
49.44153595	1985	30.94	50.9	1.48	103.74	5.54	0.00377444
49.44153595	1985	6	20.29	1.59	60.63	4.37	0.00138193
49.44153595	1985	-11.7	8.28	0.56	47.85	3.88	0.00073891
49.44153595	1986	-3.57	17.38	0.61	59.92	3.61	0.00110999
49.44153595	1986	-3.99	17.88	0.76	94.91	2.79	0.00100769
49.44153595	1986	15.42	38.81	0.2	163.58	3.28	0.00224475
49.44153595	1986	30.02	51.87	3.23	205.48	3.41	0.00343973
49.44153595	1986	43.07	69.64	1.51	264.94	3.26	0.00526963
49.44153595	1986	50.27	73.47	2.71	256.29	4.32	0.00740955
49.44153595	1986	57.05	77.68	3.62	257.97	4.28	0.00950013
49.44153595	1986	49	73.99	1.7	224.1	4.21	0.00741755
49.44153595	1986	42.72	61.13	2.88	138.33	4.06	0.00627758
49.44153595	1986	30.5	51.49	0.39	100.54	4.51	0.00423987
49.44153595	1986	8.3	25.97	1.87	58.46	5.26	0.00180884
49.44153595	1986	3.76	22.79	0.37	49.5	3.43	0.00148611
49.44153595	1987	-1.68	19.62	0.64	62.4	3.02	0.00119563
49.44153595	1987	12.95	30.64	1.05	88.66	3.05	0.00182032
49.44153595	1987	16.04	36.31	0.87	154.69	3.18	0.00210254
49.44153595	1987	32.95	63.27	0.19	240.55	3.04	0.00321573
49.44153595	1987	44.89	69.99	3.79	248.42	3.88	0.0055423
49.44153595	1987	51.45	77.61	1.5	277.63	4.65	0.00752552
49.44153595	1987	57.41	79.2	5.4	248.8	3.83	0.009822
49.44153595	1987	50.3	73.46	2.28	208.62	4.08	0.00774313
49.44153595	1987	43.76	66.37	1.47	161.05	3.58	0.00650659
49.44153595	1987	27.79	47.63	0.82	96.11	5.6	0.00303795
49.44153595	1987	19.61	37.64	0.5	68.54	4.36	0.0027
49.44153595	1987	8.06	22.74	0.52	47.43	2.91	0.00163295
49.44153595	1988	-13.33	9.03	0.67	60.96	3.44	0.00071644
49.44153595	1988	-11.04	15.19	0.24	102.03	3.83	0.00080211
49.44153595	1988	12.85	32.9	1.57	151.09	3.93	0.00181142
49.44153595	1988	25.93	54.91	0.06	221.64	3.45	0.00230008
49.44153595	1988	45.95	73.05	2.09	260.28	4.05	0.0052886
49.44153595	1988	54.85	82	2.32	277.36	4.64	0.00779671
49.44153595	1988	56.06	82.83	2.65	275.06	4.12	0.00804957
49.44153595	1988	54.07	77.83	2.31	218.34	4.41	0.00811888
49.44153595	1988	42.24	63.36	2.8	157.81	4.77	0.00573025
49.44153595	1988	27.44	47.79	0.58	101	5.58	0.00310441
49.44153595	1988	16.44	30.39	1.33	61.93	4.6	0.00234817
49.44153595	1988	-2.58	17.64	1.09	48.89	3.52	0.00117417
49.44153595	1989	-8.63	17.8	1.89	57.45	3.51	0.00105548
49.44153595	1989	-16.01	9.2	0.31	98.36	4.15	0.00059526
49.44153595	1989	4.92	27.27	1.1	149.48	3.18	0.00149889
49.44153595	1989	24.19	46.86	0.64	218.02	3.47	0.00288356
49.44153595	1989	42.04	68.42	2.88	250.1	3.35	0.00462692
49.44153595	1989	49.32	72.99	4.8	241.86	3.8	0.00677522
49.44153595	1989	58.2	83.19	1.25	275.4	3.68	0.00918736
49.44153595	1989	53.1	77.82	3.47	226.11	3.91	0.00811455
49.44153595	1989	42.11	67.18	1.19	170.54	4.81	0.00575867
49.44153595	1989	29.58	53.63	0.42	107.56	4.93	0.00331712
49.44153595	1989	9.75	27.83	0.79	56.12	4.97	0.00192333
49.44153595	1989	-12.55	8.4	0.56	46.37	3.5	0.00071869
49.44153595	1990	1.71	23.07	0.72	59.68	3.36	0.0013896
49.44153595	1990	-3.66	23.49	0.51	100.12	3.72	0.00105888
49.44153595	1990	15.67	36.9	1.46	150.35	3.87	0.00195102
49.44153595	1990	25.78	50.51	1.45	191.47	3.71	0.0027522
49.44153595	1990	38.33	64.96	1.07	260.43	3.22	0.00432917
49.44153595	1990	52.15	74.12	5.04	250.93	4.37	0.00798291
49.44153595	1990	53.78	77.64	1.98	268.71	4.38	0.00829724
49.44153595	1990	53.4	78.85	1.58	226.4	4.2	0.00816473
49.44153595	1990	42.8	68.02	1.07	156.6	4.59	0.00644446
49.44153595	1990	28.61	52.34	0.45	104.75	5.14	0.00319422
49.44153595	1990	15.78	35.51	0.25	59.41	5.12	0.00208111
49.44153595	1990	-8.28	13.57	1.08	49.82	3.7	0.00090336
49.44153595	1991	-14.6	10.33	0.83	59.94	3.3	0.00073678
49.44153595	1991	3.63	26.93	0.82	100.53	3.11	0.00138157
49.44153595	1991	13.13	37.07	0.58	155.95	3.35	0.00190797
49.44153595	1991	31.48	55.8	2.58	222.18	3.14	0.00319393
49.44153595	1991	47.21	68.89	3.52	243.54	3.5	0.0063566
49.44153595	1991	54.88	76.14	4.27	267.27	4.99	0.00885487
49.44153595	1991	56	76.92	4.2	270.52	4.03	0.00879607
49.44153595	1991	54.83	80.13	1.8	234.89	3.51	0.00858093
49.44153595	1991	42.12	62.14	6.04	144.08	5.02	0.00588618
49.44153595	1991	27.01	45.04	1.79	100.41	5.31	0.00318398
49.44153595	1991	9.72	25.26	1.13	58.79	5.65	0.00180827
49.44153595	1991	1.89	20.73	0.85	52.19	3.45	0.00137036
49.44153595	1992	-0.15	20.4	0.7	60.79	3.23	0.00131027
49.44153595	1992	5.44	25.91	1.09	90.4	2.95	0.00165545
49.44153595	1992	14.91	34.74	0.81	155.98	2.86	0.00203214
49.44153595	1992	26.53	45.42	1.39	185.53	3.25	0.00292263
49.44153595	1992	43.01	68.63	2.08	249.52	4.04	0.00479438
49.44153595	1992	47.8	68.55	2.51	231.82	3.99	0.00668723
49.44153595	1992	49.44	70.03	3.09	240.15	3.78	0.00746874
49.44153595	1992	49.07	70.79	4.67	212.93	4.23	0.0071946
49.44153595	1992	40.77	62.42	2.76	160.4	4.9	0.00572324
49.44153595	1992	29.03	50.97	0.16	106.61	3.91	0.00333128
49.44153595	1992	18.07	27.78	1.16	53.16	4.39	0.00231523
49.44153595	1992	-5.33	12.72	1.65	45.33	3.37	0.00107151
49.44153595	1993	-9.9	13.25	0.87	64.29	3.18	0.00085032
49.44153595	1993	-6.66	17.31	0.05	102.05	3.13	0.00096572
49.44153595	1993	11.55	34.16	0.3	169.69	3.42	0.00193801
49.44153595	1993	26.97	50.61	1.11	222.66	2.49	0.00270041
49.44153595	1993	39.99	64.11	1.63	235.07	3.45	0.00464343
49.44153595	1993	48.35	69.01	4.53	234.89	4.34	0.00699067
49.44153595	1993	54.86	71.99	5.91	232.17	4.17	0.00880911
49.44153595	1993	52.99	73.04	4.91	208.63	4.12	0.00875892
49.44153595	1993	38.42	58.7	1.24	142.52	5.23	0.00523673
49.44153595	1993	26.68	46.99	0.73	92.69	5.58	0.00318313
49.44153595	1993	12.21	28.84	0.68	54.33	5.05	0.00201639
49.44153595	1993	0.93	17.64	0.71	50.38	3.13	0.00132545
49.44153595	1994	-21.14	0.4	0.56	62.48	3.12	0.00047929
49.44153595	1994	-11.13	13.32	0.41	97.88	3.17	0.00073266
49.44153595	1994	17.02	37.25	0.62	155.42	3.49	0.00208806
49.44153595	1994	26.02	51.09	0.92	218.86	3.49	0.00271311
49.44153595	1994	41.52	67.68	1.8	261.01	3.82	0.00502647
49.44153595	1994	52.2	73.48	4.53	257.47	4.05	0.00807455
49.44153595	1994	54.64	73.23	4.81	257.91	4.24	0.00860007
49.44153595	1994	49.98	71.87	3.13	210.63	3.87	0.00771718
49.44153595	1994	46.11	67.17	3.4	173.86	3.74	0.00713346
49.44153595	1994	37.66	53.53	1.92	99.14	5.41	0.00470798
49.44153595	1994	20.53	36.73	2.06	63.98	5.41	0.00246816
49.44153595	1994	6.57	23.82	0.45	50.91	2.93	0.00146487
49.44153595	1995	-4.1	14.53	0.9	56.05	3.16	0.00096556
49.44153595	1995	-8.11	16.58	0.62	82.87	3.33	0.00092263
49.44153595	1995	15.33	34.35	1.05	149.34	3.5	0.00202378
49.44153595	1995	23.46	43.41	0.61	200.58	2.96	0.00243828
49.44153595	1995	40.12	63.87	1.96	232.51	3.14	0.0046918
49.44153595	1995	55.2	77.9	2.09	265.39	3.97	0.00831693
49.44153595	1995	55.32	76.21	4.74	253.06	3.96	0.00856297
49.44153595	1995	54.52	76.9	3.38	236.37	4.82	0.00881284
49.44153595	1995	41.08	64.74	2.77	168.48	4.23	0.00583061
49.44153595	1995	31.83	47.26	1.9	100.04	4.97	0.00414741
49.44153595	1995	6.47	21.78	1.69	52.81	5.55	0.00171908
49.44153595	1995	-5.01	12.47	1.49	47.14	3.29	0.00103705
49.44153595	1996	-21.68	2.13	1.55	63.7	3.12	0.00055443
49.44153595	1996	-5.91	17.49	1.13	98.17	3.83	0.00104808
49.44153595	1996	1.25	24.22	0.61	154.83	3.56	0.00125394
49.44153595	1996	20.99	40.86	1.25	214.5	2.93	0.00248801
49.44153595	1996	39.11	61.01	2.98	249.59	2.82	0.00431614
49.44153595	1996	52.35	75.17	2.83	265.43	4.2	0.00787022
49.44153595	1996	54.33	74.4	4.07	250.89	3.39	0.00878933
49.44153595	1996	54.34	77.54	1.86	231.69	4.4	0.00905884
49.44153595	1996	43.9	63.87	2.66	155.63	4.18	0.00657555
49.44153595	1996	32.27	47.97	2.03	103.09	6.02	0.00406155
49.44153595	1996	6.45	20.54	2.01	55.26	4.62	0.00156497
49.44153595	1996	-7.87	8.56	1.86	45.06	3.4	0.00091856
49.44153595	1997	-11.29	6.13	1.34	61.37	3.78	0.00070779
49.44153595	1997	-3.83	19.71	0.23	91.37	3.25	0.00119386
49.44153595	1997	4.39	27.08	1.05	157.77	3.3	0.00160454
49.44153595	1997	23.22	45.17	1.95	229.32	3.34	0.00286696
49.44153595	1997	36.59	58.47	1.56	230.74	4.09	0.00397786
49.44153595	1997	53.79	74.94	3.53	273.36	4.23	0.00872445
49.44153595	1997	57.29	73.63	4.58	265.95	4.05	0.00975733
49.44153595	1997	53.31	71.61	1.62	226.92	3.81	0.00844712
49.44153595	1997	45.14	66.76	2.64	165.49	4.98	0.00689983
49.44153595	1997	33.17	47.98	2.65	95.45	5.48	0.00420327
49.44153595	1997	14.65	26.26	0.93	52.77	5.18	0.00209216
49.44153595	1997	11.65	25.48	0.2	51.03	2.8	0.0019715
49.44153595	1998	0.62	14.78	0.72	53.69	2.65	0.00124391
49.44153595	1998	18.44	31.72	1.1	89.29	2.73	0.00246484
49.44153595	1998	14.32	31.71	0.53	156.32	3.08	0.00193163
49.44153595	1998	31.61	56.82	0.99	231.18	2.89	0.00333483
49.44153595	1998	44.64	65.62	3.8	251.66	4.17	0.00612973
49.44153595	1998	52.48	66.79	4.38	226.68	4.15	0.00846217
49.44153595	1998	54.96	76.02	2.84	247.81	3.9	0.00924674
49.44153595	1998	55.41	78	2.01	227.65	3.6	0.0092762
49.44153595	1998	47.05	66.5	0.55	175.8	3.93	0.00741835
49.44153595	1998	36.04	51.65	4.25	106.04	5.08	0.00481333
49.44153595	1998	19.86	31.18	1.44	61.56	4.19	0.00262538
49.44153595	1998	0.32	16.68	0.81	52.27	3.27	0.00121303
49.44153595	1999	-8.22	10.67	0.85	64.15	3.19	0.00083067
49.44153595	1999	6.46	25.72	0.6	104.33	3.62	0.00154884
49.44153595	1999	14.99	34.5	1.3	165.8	3.1	0.0019558
49.44153595	1999	30.76	53.41	1.8	224.08	2.99	0.00329665
49.44153595	1999	43.1	63.01	4.76	229.92	4.19	0.00568864
49.44153595	1999	52.4	71.55	4.44	256.94	4.3	0.00844959
49.44153595	1999	57.35	77.81	3.57	265.68	4.02	0.0100102
49.44153595	1999	53.26	73.89	3.28	223.96	3.68	0.00900051
49.44153595	1999	43.04	59.47	4.05	132.51	4.58	0.0064298
49.44153595	1999	30.37	49.33	0.37	100.18	4.85	0.00369159
49.44153595	1999	23.55	42.04	0.11	68.38	4.25	0.00284547
49.44153595	1999	7.44	23.94	0.5	49.6	3.22	0.00170459
49.44153595	2000	-7.84	12.66	0.39	62.74	3	0.0009108
49.44153595	2000	5.98	27.44	0.76	103.52	3.02	0.00156668
49.44153595	2000	20.81	43.32	0.76	163.74	3.25	0.00258161
49.44153595	2000	27.95	49.94	0.92	227	3.36	0.00305606
49.44153595	2000	43.01	64.72	1.94	245.25	3.95	0.00570719
49.44153595	2000	49.55	66.26	5.66	234.25	4.33	0.00756147
49.44153595	2000	56.66	77.2	2.08	279.46	3.95	0.00985306
49.44153595	2000	54.71	71.57	4.79	225.31	4.3	0.00994806
49.44153595	2000	42.88	61.2	2.39	154.44	4.62	0.00615871
49.44153595	2000	33.1	53.71	1.69	105	4.76	0.00420436
49.44153595	2000	18.64	30.25	3.78	49.68	4.85	0.00234542
49.44153595	2000	-14.41	4.27	0.8	51.33	3.08	0.00066333
49.44153595	2001	0.45	20.68	0.5	63.25	3.06	0.001237
49.44153595	2001	-10.05	11.4	0.94	103.87	3.75	0.00083276
49.44153595	2001	11.46	31.07	0.17	162.11	3.21	0.00195071
49.44153595	2001	30.44	49.64	2.78	209.93	3.43	0.00368792
49.44153595	2001	44.28	65.36	4.02	244.32	4.32	0.00616245
49.44153595	2001	52.63	69.87	3.18	246.35	4.09	0.00858822
49.44153595	2001	59.06	75.68	4.61	262.85	3.58	0.01068669
49.44153595	2001	56.86	75.21	3.76	236.62	4.14	0.01044557
49.44153595	2001	46.19	64.05	1.69	165.63	3.91	0.00728865
49.44153595	2001	31.99	46.13	1.96	98.38	5.93	0.00412758
49.44153595	2001	27.99	40.46	0.7	62.53	5.52	0.00358219
49.44153595	2001	7.41	21.75	0.89	48.19	3.5	0.00177822
49.44153595	2002	1.29	17.31	0.23	62.46	2.8	0.00129201
49.44153595	2002	4.96	27.09	0.12	102.75	3.63	0.00162056
49.44153595	2002	4.3	25.48	0.68	154.59	3.9	0.00131048
49.44153595	2002	24.9	46.68	1.29	200.77	3.4	0.00309009
49.44153595	2002	35.75	58.52	2.26	237.4	4.63	0.00394121
49.44153595	2002	55.5	72.79	9.8	260.07	4.51	0.00848829
49.44153595	2002	58.42	78.49	3.43	278.71	4.11	0.01110687
49.44153595	2002	56.23	73.19	5.17	226.02	4.38	0.00994677
49.44153595	2002	49.03	66.17	1.57	173.49	4.62	0.00752734
49.44153595	2002	26.19	37.47	0.82	87.12	5.41	0.00315776
49.44153595	2002	15.23	29.39	0.27	55.13	4.38	0.00216843
49.44153595	2002	7.95	23.24	0.63	50.41	3.46	0.00161088
49.44153595	2003	-4.55	12.32	0.18	64.13	3.76	0.00086206
49.44153595	2003	-9.88	12.62	0.31	101	3.47	0.00074876
49.44153595	2003	9.03	30.01	0.7	157.13	3.35	0.00167796
49.44153595	2003	27.68	50.38	0.88	222.38	3.66	0.00283478
49.44153595	2003	43.32	64.94	2.43	260.46	3.56	0.00470731
49.44153595	2003	51.41	72.68	4.59	256.61	3.71	0.00871614
49.44153595	2003	54.56	76.45	2.04	264.85	3.78	0.01020634
49.44153595	2003	56.92	79.18	1.68	228.09	4.09	0.01099822
49.44153595	2003	44.05	62.82	3.31	157.11	5.17	0.0071018
49.44153595	2003	34.15	52.49	1.19	98.24	4.79	0.00445866
49.44153595	2003	15.32	28.32	0.79	62.89	5.21	0.00214967
49.44153595	2003	8.37	23.88	0.79	49.99	3.21	0.00174175
49.44153595	2004	-13.97	5.23	1.09	55.31	3.38	0.00065958
49.44153595	2004	4.14	23.91	0.28	98.99	3.23	0.00142719
49.44153595	2004	13.4	34.36	1.47	152.19	3.89	0.0022254
49.44153595	2004	28.85	47.68	1.12	215.99	3.32	0.00292763
49.44153595	2004	39.41	56.18	6.04	223.57	3.67	0.00421406
49.44153595	2004	47.02	67.7	1.85	249.63	4.53	0.00680911
49.44153595	2004	53.8	73.91	3.25	257.86	3.59	0.00979792
49.44153595	2004	46.78	66.73	3.95	207.3	4.2	0.00794923
49.44153595	2004	48.7	67.31	4.23	154.24	4.31	0.00860394
49.44153595	2004	37.29	51.14	2.74	93.65	5.52	0.00489186
49.44153595	2004	24.18	38.64	0.17	64.47	4.46	0.00284753
49.44153595	2004	-0.69	19.54	1.73	49.88	3.8	0.00125572
49.44153595	2005	-10.15	9.43	2.09	61.52	3.32	0.00083514
49.44153595	2005	1.69	22.96	0.41	96.06	2.96	0.00138576
49.44153595	2005	9.24	32.51	0.29	165.22	2.8	0.00172451
49.44153595	2005	34.51	55.01	0.87	226.53	3.45	0.00363892
49.44153595	2005	43.81	59.75	3.37	222.81	3.75	0.00542308
49.44153595	2005	56.66	71.01	5.98	229.22	4.57	0.00971662
49.44153595	2005	57.46	78.07	3.07	282.66	3.9	0.01056416
49.44153595	2005	52.87	72.47	3.46	212.08	4.02	0.0093072
49.44153595	2005	46.04	68.39	1.39	176.32	4.4	0.00769544
49.44153595	2005	34.94	51.9	3.06	104.52	4.95	0.00509614
49.44153595	2005	21.6	34.2	2.53	59.19	5.15	0.00284051
49.44153595	2005	10.25	22.02	0.89	45.78	3.17	0.00177546
49.44153595	2006	10.66	26.4	0.72	54.87	3.04	0.00201097
49.44153595	2006	-6.79	16.04	0.75	100.85	2.95	0.00092945
49.44153595	2006	17.56	34.23	1.85	158.28	3.14	0.00217652
49.44153595	2006	35.91	57.68	1.19	223.43	3.16	0.0039945
49.44153595	2006	46.74	64.85	1.87	242.83	3.72	0.00639583
49.44153595	2006	52.37	74.76	1.7	280.68	3.9	0.00876425
49.44153595	2006	58.02	82.23	1.55	293.39	4.07	0.01054831
49.44153595	2006	52.62	76.12	2.72	232.43	3.83	0.00951358
49.44153595	2006	43.47	64.72	1.89	156.1	4.56	0.00685247
49.44153595	2006	29.09	46.28	1.46	97.74	6.3	0.00370608
49.44153595	2006	20.2	34.49	0.63	59.37	4.7	0.00249227
49.44153595	2006	10.35	26.01	1.04	51.19	2.94	0.00188338
49.44153595	2007	-2.31	17.05	0.26	62.26	3.28	0.00113469
49.44153595	2007	-6.03	12.32	0.79	95.99	3.48	0.00078106
49.44153595	2007	15.18	35.74	1.75	158.32	3.62	0.00224017
49.44153595	2007	26.69	48.85	1.28	234.07	3.26	0.00280436
49.44153595	2007	45.51	65.89	3.46	239.36	4.26	0.0060532
49.44153595	2007	54.08	74.18	5.1	261.99	4.53	0.00866918
49.44153595	2007	57.65	80.32	3.35	283.36	4.07	0.00965509
49.44153595	2007	51.41	72.38	1.33	230.25	4.25	0.00895906
49.44153595	2007	45.52	64.08	2.13	159.91	5.28	0.00727015
49.44153595	2007	37.17	51.45	3.89	93.1	5.07	0.00505178
49.44153595	2007	19.71	32.15	0.48	55.85	4.85	0.00242792
49.44153595	2007	-0.95	15.61	1.28	46.03	2.94	0.00123175
49.44153595	2008	-8.12	13.04	0.13	63.89	3.5	0.00090836
49.44153595	2008	-8.72	14.83	0.48	102.25	3.55	0.00087352
49.44153595	2008	8.17	28.29	0.43	162.02	3.64	0.00161377
49.44153595	2008	26.13	45.9	1.96	229.05	3.47	0.0027647
49.44153595	2008	36.19	60.17	1.63	244.58	3.51	0.00395003
49.44153595	2008	50.67	68.79	4.25	258.45	4.1	0.00743659
49.44153595	2008	53.93	74.49	3.01	276.68	4.13	0.00892719
49.44153595	2008	53.25	74.88	2.07	228.18	4.04	0.00972831
49.44153595	2008	46.71	62.52	3.83	152.1	4.43	0.00743057
49.44153595	2008	36.33	51.07	3.48	102.78	5.21	0.00467434
49.44153595	2008	20.64	31.99	1.99	55.73	4.95	0.0027113
49.44153595	2008	-11.34	7.57	1.78	48.19	3.49	0.00078398
49.44153595	2009	-16.46	7.96	0.81	63.09	3.26	0.00065939
49.44153595	2009	-5.02	16.05	1.19	93.34	3.28	0.00113122
49.44153595	2009	9.37	29.54	3.18	162.97	3.72	0.00183158
49.44153595	2009	29.24	45.68	1.14	201.78	3.13	0.00313462
49.44153595	2009	36.63	56.31	2.9	241.62	3.65	0.00444731
49.44153595	2009	50.62	67.98	2.79	240.34	3.99	0.00761539
49.44153595	2009	52.89	70.54	2.47	253.69	4.37	0.00838113
49.44153595	2009	51.43	70.89	2.87	204.74	3.68	0.00931821
49.44153595	2009	49.99	71	1.72	185.57	4.07	0.00922489
49.44153595	2009	33.42	42.94	1.78	77.81	4.9	0.00409137
49.44153595	2009	27.14	41.73	0.65	62.28	4.36	0.0034021
49.44153595	2009	-1.24	12.16	1.51	45.86	2.96	0.00109622
49.44153595	2010	-5.72	14.91	1.45	63.77	3.09	0.00106595
49.44153595	2010	-0.85	23.38	0.67	103.66	2.38	0.00113105
49.44153595	2010	21.98	41.31	0.67	165.83	2.85	0.00260628
49.44153595	2010	33.33	56.9	0.82	224.75	3.06	0.00330019
49.44153595	2010	44.2	66.58	4.51	243.35	3.97	0.00574964
49.44153595	2010	50.85	70.26	2.69	239.09	3.44	0.0086034
49.44153595	2010	56.58	79.21	3.12	287.55	4.17	0.00999364
49.44153595	2010	54.49	77.01	1.6	219.77	4.26	0.01008107
49.44153595	2010	41.41	58.54	4.54	162.67	5	0.00635304
49.44153595	2010	36.1	54.71	1.49	114.79	5.13	0.00463003
49.44153595	2010	18.96	34.55	1.1	61.96	4.85	0.00266118
49.44153595	2010	-1.37	16.1	0.52	49.6	3.07	0.00113264
49.44153595	2011	-6.71	12	1.48	54.42	2.89	0.00087585
49.44153595	2011	-5.96	18.84	0.25	100.19	3.61	0.00107538
49.44153595	2011	7.42	30.41	0.32	164.86	3.02	0.00161357
49.44153595	2011	27.98	49.14	3.75	210.64	3.01	0.00316866
49.44153595	2011	37.95	60.44	2.35	238.31	3.59	0.00522649
49.44153595	2011	50.42	72.41	3.67	263.01	4.75	0.00792707
49.44153595	2011	58.76	80.96	2.85	289.53	4.11	0.01060567
49.44153595	2011	56.28	79.23	0.99	239.25	3.7	0.00839618
49.44153595	2011	46.14	67.81	1.65	182.67	4.92	0.00661158
49.44153595	2011	37.59	56.28	1.2	107.96	5.13	0.00454753
49.44153595	2011	20.48	35.64	0.27	65.22	4.97	0.00262632
49.44153595	2011	3.75	22.1	0.28	52.78	3.24	0.00141913
49.44153595	2012	-0.57	19.29	0.47	56.91	3.67	0.00124263
49.44153595	2012	2.78	24.93	0.73	103.41	3.03	0.00140965
49.44153595	2012	20.55	41.43	1.92	157.13	3.37	0.0027019
49.44153595	2012	28.87	51.18	1.41	217.01	3.25	0.00312848
49.44153595	2012	40.28	63.91	1.39	234.78	3.48	0.00537955
49.44153595	2012	53.26	76.65	2.78	271.41	4.41	0.00778021
49.44153595	2012	61.66	85.38	2.99	284.46	3.77	0.00947423
49.44153595	2012	55.52	78.46	2.05	238.32	3.95	0.00804208
49.44153595	2012	45.37	67.34	0.38	167.29	4.82	0.00539388
49.44153595	2012	33.29	50.03	3.4	83.09	5.73	0.00409568
49.44153595	2012	19.66	34.35	0.84	54.14	4.65	0.00248892
49.44153595	2012	4.68	19.42	0.89	47.55	2.93	0.00137806
49.44153595	2013	-6.92	14.11	1.41	57.76	3.71	0.00101581
49.44153595	2013	-1.87	21.49	0.9	107.36	3.14	0.00120263
49.44153595	2013	10.85	31.34	1.01	162.38	3.09	0.00171053
49.44153595	2013	21.76	43.89	1.89	212.68	3.47	0.0026176
49.44153595	2013	37.68	61.38	3.68	237.29	4.06	0.00521851
49.44153595	2013	53.01	72.87	1.59	277.36	3.98	0.00845057
49.44153595	2013	55.33	75.11	3.31	273.31	3.53	0.00988744
49.44153595	2013	55.23	76.22	2.45	232.44	3.01	0.00948207
49.44153595	2013	47.24	69.54	2.28	169.49	4.37	0.00798372
49.44153595	2013	33.74	50.07	1.81	95.5	5.07	0.00417032
49.44153595	2013	17.95	31.96	0.85	58.08	5.32	0.00236203
49.44153595	2013	-8.65	8.8	1.6	48.32	3.46	0.00089486
